# name: debug
# type: sparse matrix
# nnz: 950
# rows: 118
# columns: 118

1 1 0.000000000
2 1 0.000000000
5 1 -0.000000000
6 1 -0.000000000
7 1 -0.000000000
8 1 -0.000000000
9 1 -0.000000000
10 1 -0.000000000
11 1 -0.000000000
12 1 -0.000000000
13 1 -0.000000000
14 1 0.000000000
15 1 0.000000000
16 1 0.000000000
17 1 0.000000000
18 1 0.000000000
19 1 0.000000000
20 1 0.000000000
21 1 0.000000000
22 1 0.000000000
23 1 0.000000000
24 1 0.000000000
25 1 0.000000000
26 1 0.000000000
27 1 0.000000000
28 1 0.000000000
29 1 0.000000000
30 1 0.000000000
31 1 0.000000000
32 1 0.000000000
33 1 0.000000000
34 1 0.000000000
35 1 0.000000000
36 1 0.000000000
37 1 0.000000000
38 1 0.000000000
39 1 0.000000000
40 1 0.000000000
41 1 0.000000000
42 1 0.000000000
43 1 0.000000000
44 1 0.000000000
45 1 0.000000000
46 1 0.000000000
47 1 0.000000000
48 1 0.000000000
49 1 0.000000000
50 1 0.000000000
51 1 0.000000000
52 1 0.000000000
53 1 0.000000000
54 1 0.000000000
55 1 0.000000000
56 1 0.000000000
57 1 0.000000000
58 1 0.000000000
59 1 0.000000000
60 1 0.000000000
61 1 0.000000000
62 1 0.000000000
63 1 0.000000000
64 1 0.000000000
65 1 0.000000000
66 1 0.000000000
67 1 0.000000000
68 1 0.000000000
69 1 0.000000000
70 1 0.000000000
71 1 0.000000000
72 1 0.000000000
73 1 0.000000000
74 1 0.000000000
75 1 0.000000000
76 1 0.000000000
77 1 0.000000000
78 1 0.000000000
79 1 0.000000000
1 2 0.000000000
2 2 0.000000000
5 2 -0.000000000
6 2 -0.000000000
7 2 -0.000000000
8 2 -0.000000000
9 2 -0.000000000
10 2 -0.000000000
11 2 -0.000000000
12 2 -0.000000000
13 2 -0.000000000
14 2 0.000000000
15 2 0.000000000
16 2 0.000000000
17 2 0.000000000
18 2 0.000000000
19 2 0.000000000
20 2 0.000000000
21 2 0.000000000
22 2 0.000000000
23 2 0.000000000
24 2 0.000000000
25 2 0.000000000
26 2 0.000000000
27 2 0.000000000
28 2 0.000000000
29 2 0.000000000
30 2 0.000000000
31 2 0.000000000
32 2 0.000000000
33 2 0.000000000
34 2 0.000000000
35 2 0.000000000
36 2 0.000000000
37 2 0.000000000
38 2 0.000000000
39 2 0.000000000
40 2 0.000000000
41 2 0.000000000
42 2 0.000000000
43 2 0.000000000
44 2 0.000000000
45 2 0.000000000
46 2 0.000000000
47 2 0.000000000
48 2 0.000000000
49 2 0.000000000
50 2 0.000000000
51 2 0.000000000
52 2 0.000000000
53 2 0.000000000
54 2 0.000000000
55 2 0.000000000
56 2 0.000000000
57 2 0.000000000
58 2 0.000000000
59 2 0.000000000
60 2 0.000000000
61 2 0.000000000
62 2 0.000000000
63 2 0.000000000
64 2 0.000000000
65 2 0.000000000
66 2 0.000000000
67 2 0.000000000
68 2 0.000000000
69 2 0.000000000
70 2 0.000000000
71 2 0.000000000
72 2 0.000000000
73 2 0.000000000
74 2 0.000000000
75 2 0.000000000
76 2 0.000000000
77 2 0.000000000
78 2 0.000000000
79 2 0.000000000
3 3 0.000000000
4 3 0.000000000
44 3 0.000000000
45 3 0.000000000
46 3 0.000000000
47 3 0.000000000
48 3 0.000000000
49 3 0.000000000
50 3 0.000000000
51 3 0.000000000
52 3 0.000000000
53 3 0.000000000
54 3 0.000000000
55 3 0.000000000
56 3 0.000000000
57 3 0.000000000
58 3 0.000000000
59 3 0.000000000
60 3 0.000000000
61 3 0.000000000
62 3 0.000000000
63 3 0.000000000
64 3 0.000000000
65 3 0.000000000
66 3 0.000000000
67 3 0.000000000
68 3 0.000000000
69 3 0.000000000
70 3 0.000000000
71 3 0.000000000
72 3 0.000000000
73 3 0.000000000
74 3 0.000000000
75 3 0.000000000
76 3 0.000000000
77 3 0.000000000
78 3 0.000000000
79 3 0.000000000
80 3 0.000000000
81 3 0.000000000
82 3 0.000000000
83 3 0.000000000
84 3 0.000000000
85 3 0.000000000
86 3 0.000000000
87 3 0.000000000
88 3 0.000000000
89 3 0.000000000
90 3 0.000000000
91 3 0.000000000
92 3 0.000000000
93 3 0.000000000
94 3 0.000000000
95 3 0.000000000
96 3 0.000000000
97 3 0.000000000
98 3 0.000000000
99 3 0.000000000
100 3 0.000000000
101 3 0.000000000
102 3 0.000000000
103 3 0.000000000
104 3 0.000000000
105 3 0.000000000
106 3 0.000000000
107 3 0.000000000
108 3 0.000000000
109 3 0.000000000
110 3 0.000000000
111 3 0.000000000
112 3 0.000000000
113 3 0.000000000
114 3 0.000000000
115 3 0.000000000
116 3 0.000000000
117 3 0.000000000
118 3 0.000000000
3 4 0.000000000
4 4 0.000000000
44 4 0.000000000
45 4 0.000000000
46 4 0.000000000
47 4 0.000000000
48 4 0.000000000
49 4 0.000000000
50 4 0.000000000
51 4 0.000000000
52 4 0.000000000
53 4 0.000000000
54 4 0.000000000
55 4 0.000000000
56 4 0.000000000
57 4 0.000000000
58 4 0.000000000
59 4 0.000000000
60 4 0.000000000
61 4 0.000000000
62 4 0.000000000
63 4 0.000000000
64 4 0.000000000
65 4 0.000000000
66 4 0.000000000
67 4 0.000000000
68 4 0.000000000
69 4 0.000000000
70 4 0.000000000
71 4 0.000000000
72 4 0.000000000
73 4 0.000000000
74 4 0.000000000
75 4 0.000000000
76 4 0.000000000
77 4 0.000000000
78 4 0.000000000
79 4 0.000000000
80 4 0.000000000
81 4 0.000000000
82 4 0.000000000
83 4 0.000000000
84 4 0.000000000
85 4 0.000000000
86 4 0.000000000
87 4 0.000000000
88 4 0.000000000
89 4 0.000000000
90 4 0.000000000
91 4 0.000000000
92 4 0.000000000
93 4 0.000000000
94 4 0.000000000
95 4 0.000000000
96 4 0.000000000
97 4 0.000000000
98 4 0.000000000
99 4 0.000000000
100 4 0.000000000
101 4 0.000000000
102 4 0.000000000
103 4 0.000000000
104 4 0.000000000
105 4 0.000000000
106 4 0.000000000
107 4 0.000000000
108 4 0.000000000
109 4 0.000000000
110 4 0.000000000
111 4 0.000000000
112 4 0.000000000
113 4 0.000000000
114 4 0.000000000
115 4 0.000000000
116 4 0.000000000
117 4 0.000000000
118 4 0.000000000
1 5 -0.000000000
2 5 -0.000000000
5 5 0.000000000
6 5 0.000000000
7 5 0.000000000
1 6 -0.000000000
2 6 -0.000000000
5 6 0.000000000
6 6 0.000000000
7 6 0.000000000
1 7 -0.000000000
2 7 -0.000000000
5 7 0.000000000
6 7 0.000000000
7 7 0.000000000
1 8 -0.000000000
2 8 -0.000000000
8 8 0.000000000
9 8 0.000000000
10 8 0.000000000
1 9 -0.000000000
2 9 -0.000000000
8 9 0.000000000
9 9 0.000000000
10 9 0.000000000
1 10 -0.000000000
2 10 -0.000000000
8 10 0.000000000
9 10 0.000000000
10 10 0.000000000
1 11 -0.000000000
2 11 -0.000000000
11 11 0.000000000
12 11 0.000000000
13 11 0.000000000
1 12 -0.000000000
2 12 -0.000000000
11 12 0.000000000
12 12 0.000000000
13 12 0.000000000
1 13 -0.000000000
2 13 -0.000000000
11 13 0.000000000
12 13 0.000000000
13 13 0.000000000
1 14 0.000000000
2 14 0.000000000
14 14 0.000000000
15 14 0.000000000
16 14 0.000000000
1 15 0.000000000
2 15 0.000000000
14 15 0.000000000
15 15 0.000000000
16 15 0.000000000
1 16 0.000000000
2 16 0.000000000
14 16 0.000000000
15 16 0.000000000
16 16 0.000000000
1 17 0.000000000
2 17 0.000000000
17 17 0.000000000
18 17 0.000000000
19 17 0.000000000
1 18 0.000000000
2 18 0.000000000
17 18 0.000000000
18 18 0.000000000
19 18 0.000000000
1 19 0.000000000
2 19 0.000000000
17 19 0.000000000
18 19 0.000000000
19 19 0.000000000
1 20 0.000000000
2 20 0.000000000
20 20 0.000000000
21 20 0.000000000
22 20 0.000000000
1 21 0.000000000
2 21 0.000000000
20 21 0.000000000
21 21 0.000000000
22 21 0.000000000
1 22 0.000000000
2 22 0.000000000
20 22 0.000000000
21 22 0.000000000
22 22 0.000000000
1 23 0.000000000
2 23 0.000000000
23 23 0.000000000
24 23 0.000000000
25 23 0.000000000
1 24 0.000000000
2 24 0.000000000
23 24 0.000000000
24 24 0.000000000
25 24 0.000000000
1 25 0.000000000
2 25 0.000000000
23 25 0.000000000
24 25 0.000000000
25 25 0.000000000
1 26 0.000000000
2 26 0.000000000
26 26 0.000000000
27 26 0.000000000
28 26 0.000000000
1 27 0.000000000
2 27 0.000000000
26 27 0.000000000
27 27 0.000000000
28 27 0.000000000
1 28 0.000000000
2 28 0.000000000
26 28 0.000000000
27 28 0.000000000
28 28 0.000000000
1 29 0.000000000
2 29 0.000000000
29 29 0.000000000
30 29 0.000000000
31 29 0.000000000
1 30 0.000000000
2 30 0.000000000
29 30 0.000000000
30 30 0.000000000
31 30 0.000000000
1 31 0.000000000
2 31 0.000000000
29 31 0.000000000
30 31 0.000000000
31 31 0.000000000
1 32 0.000000000
2 32 0.000000000
32 32 0.000000000
33 32 0.000000000
34 32 0.000000000
1 33 0.000000000
2 33 0.000000000
32 33 0.000000000
33 33 0.000000000
34 33 0.000000000
1 34 0.000000000
2 34 0.000000000
32 34 0.000000000
33 34 0.000000000
34 34 0.000000000
1 35 0.000000000
